0.00412893295288
0.00486207008362
0.00471091270447
0.00329113006592
0.0046501159668
0.00519800186157
0.00308704376221
0.00387191772461
0.00191497802734
0.00770998001099
0.00156903266907
0.00180888175964
0.00223803520203
0.00622987747192
0.00356698036194
0.00661087036133
0.00403714179993
0.00402283668518
0.00465393066406
0.00935316085815
0.00401902198792
0.00286793708801
0.00459384918213
0.00444197654724
0.00511693954468
0.00124883651733
0.00286412239075
0.0046501159668
0.00484609603882
0.00487303733826
0.00393295288086
0.00205111503601
0.0062518119812
0.00617790222168
0.00652098655701
0.00427079200745
0.00248217582703
0.00266194343567
0.00420188903809
0.00133204460144
0.00395202636719
0.00219011306763
0.00595307350159
0.00149512290955
0.00432085990906
0.00170993804932
0.00217509269714
0.00421094894409
0.00392889976501
0.00685095787048
0.00465202331543
0.00398397445679
0.00314402580261
0.00478482246399
0.00401592254639
0.00522089004517
0.00564289093018
0.00495100021362
0.00592088699341
0.00248599052429
0.00550079345703
0.00341081619263
0.00626802444458
0.00496697425842
0.00374412536621
0.00775599479675
0.00647616386414
0.00229716300964
0.00349617004395
0.00194191932678
0.0061399936676
0.0053379535675
0.00631093978882
0.00702500343323
0.00422406196594
0.00564002990723
0.00595712661743
0.00444197654724
0.00463700294495
0.0024950504303
0.00306010246277
0.00234913825989
0.00176000595093
0.0063099861145
0.00188302993774
0.00574707984924
0.00443482398987
0.00516510009766
0.00804805755615
0.0044858455658
0.0042359828949
0.00621199607849
0.00508713722229
0.00437903404236
0.00668811798096
0.00803399085999
0.00286793708801
0.00519585609436
0.00530600547791
0.00446486473083
0.00609803199768
0.00571799278259
0.00507497787476
0.00483798980713
0.00646209716797
0.00473499298096
0.00688195228577
0.00428795814514
0.00582194328308
0.00449800491333
0.00486397743225
0.00651907920837
0.00701379776001
0.00339698791504
0.0024950504303
0.00319314002991
0.0065701007843
0.00493597984314
0.00481486320496
0.00131106376648
0.00510597229004
0.00404810905457
0.00532388687134
0.00561499595642
0.00242304801941
0.00264477729797
0.00450611114502
0.00538778305054
0.00757598876953
0.00434494018555
0.00296497344971
0.00651502609253
0.00278782844543
0.00392389297485
0.00638508796692
0.00445699691772
0.00549507141113
0.00582599639893
0.00670313835144
0.00166702270508
0.00267386436462
0.0043568611145
0.00269508361816
0.00449705123901
0.00305700302124
0.00330400466919
0.00463795661926
0.00347089767456
0.00334906578064
0.00500392913818
0.0020010471344
0.00304794311523
0.00302410125732
0.00321102142334
0.00155711174011
0.00466990470886
0.00437307357788
0.00761413574219
0.00364804267883
0.00523114204407
0.00278306007385
0.0040180683136
0.0056300163269
0.00258898735046
0.00394010543823
0.00327205657959
0.00474214553833
0.00338196754456
0.00233387947083
0.00582194328308
0.00213193893433
0.00392317771912
0.0078980922699
0.0025749206543
0.0044150352478
0.00520801544189
0.00197100639343
0.00560021400452
0.00173783302307
0.00243902206421
0.00364899635315
0.00899910926819
0.0031111240387
0.0067880153656
0.00415897369385
0.00288391113281
0.00748801231384
0.00632786750793
0.00511598587036
0.0049262046814
0.00446009635925
0.00255608558655
0.00694489479065
0.00287508964539
0.00432014465332
0.00391101837158
0.00379610061646
0.00749087333679
0.00544905662537
0.00444889068604
0.00405597686768
0.00182604789734
0.00382995605469
0.00819492340088
0.00579690933228
0.00632905960083
0.00248408317566
0.00224900245667
0.00333499908447
0.00430798530579
0.00173592567444
0.00481700897217
0.00690078735352
0.0072820186615
0.00680804252625
0.00333094596863
0.00485801696777
0.00560808181763
0.00400710105896
0.00607299804688
0.00508785247803
0.00281310081482
0.00221991539001
0.00165700912476
0.0112369060516
0.00179100036621
0.00739002227783
0.00243306159973
0.0021960735321
0.00752997398376
0.00620412826538
0.00433397293091
0.00745391845703
0.00316905975342
0.00580310821533
0.00426912307739
0.00434613227844
0.00321817398071
0.00593996047974
0.00440621376038
0.00754404067993
0.00308895111084
0.00659203529358
0.00316691398621
0.00424408912659
0.0044150352478
0.00384092330933
0.00614309310913
0.00368499755859
0.00563502311707
0.00314807891846
0.00396919250488
0.00548911094666
0.00258207321167
0.00228786468506
0.00225591659546
0.00225710868835
0.00943112373352
0.003751039505
0.00396203994751
0.00356817245483
0.00642704963684
0.00294613838196
0.0031270980835
0.00421214103699
0.00524997711182
0.0044801235199
0.00257706642151
0.0031681060791
0.00354790687561
0.00314807891846
0.00202584266663
0.00300097465515
0.00432586669922
0.0031361579895
0.00205898284912
0.00799703598022
0.00197100639343
0.00118494033813
0.00404620170593
0.0022189617157
0.00668907165527
0.00282502174377
0.00530910491943
0.00756096839905
0.00330686569214
0.00429010391235
0.00309610366821
0.00647115707397
0.00275301933289
0.00256490707397
0.00451993942261
0.00246500968933
0.0022280216217
0.00176596641541
0.00449895858765
0.00435709953308
0.00173687934875
0.00240993499756
0.00258302688599
0.00449991226196
0.0065701007843
0.00220894813538
0.00433111190796
0.00497102737427
0.00299692153931
0.00409197807312
0.00394892692566
0.00283789634705
0.00168013572693
0.00256180763245
0.00340294837952
0.0030460357666
0.0045268535614
0.00296902656555
0.003986120224
0.0016770362854
0.00209808349609
0.00354194641113
0.00441002845764
0.00331711769104
0.00398302078247
0.00870490074158
0.00367999076843
0.00378608703613
0.00396180152893
0.00588583946228
0.00355982780457
0.00424003601074
0.00456285476685
0.00512003898621
0.0025360584259
0.00437617301941
0.00248193740845
0.00296521186829
0.00255513191223
0.00386905670166
0.00466203689575
0.00531220436096
0.00398707389832
0.00773096084595
0.0013210773468
0.00493502616882
0.00362801551819
0.00379991531372
0.00591397285461
0.00388097763062
0.00264286994934
0.00253510475159
0.00410985946655
0.00358986854553
0.00311303138733
0.00638103485107
0.00164604187012
0.00592398643494
0.00332188606262
0.00287199020386
0.003093957901
0.00399708747864
0.00503301620483
0.00324106216431
0.00622892379761
0.00519585609436
0.00287985801697
0.0019907951355
0.00212788581848
0.00426697731018
0.00251507759094
0.00217294692993
0.00244784355164
0.00509095191956
0.00169205665588
0.00517821311951
0.00428700447083
0.00711703300476
0.00186705589294
0.00430703163147
0.0030779838562
0.00472402572632
0.00493478775024
0.00361704826355
0.00469017028809
0.0042519569397
0.00296998023987
0.00403094291687
0.004390001297
0.00235199928284
0.00236988067627
0.00270700454712
0.0022120475769
0.00267696380615
0.00213813781738
0.00179696083069
0.00365400314331
0.00155591964722
0.00364303588867
0.00401997566223
0.00331807136536
0.00771617889404
0.00311088562012
0.00445199012756
0.00513219833374
0.00503396987915
0.00391387939453
0.00325512886047
0.00592494010925
0.00508403778076
0.00359416007996
0.00193810462952
0.00311613082886
0.00429701805115
0.0027859210968
0.00350499153137
0.00288891792297
0.00318503379822
0.00150585174561
0.00201177597046
0.00409197807312
0.00202894210815
0.00525498390198
0.0039119720459
0.00524997711182
0.00377202033997
0.00383901596069
0.00597596168518
0.00414991378784
0.00344610214233
0.00220894813538
0.00251603126526
0.0076220035553
0.00211215019226
0.00207805633545
0.00341010093689
0.00259709358215
0.00189805030823
0.00187015533447
0.00346899032593
0.00494980812073
0.00394201278687
0.00301814079285
0.00357484817505
0.00622701644897
0.00418710708618
0.00425410270691
0.00278401374817
0.00156807899475
0.00263714790344
0.00227308273315
0.00181818008423
0.00338912010193
0.00236916542053
0.00318193435669
0.00168395042419
0.00576496124268
0.00805020332336
0.00387597084045
0.00656199455261
0.0063419342041
0.00722002983093
0.0042130947113
0.00365209579468
0.00370216369629
0.00397515296936
0.00382614135742
0.00232410430908
0.00435090065002
0.00312304496765
0.00288391113281
0.00548696517944
0.00483679771423
0.00666284561157
0.00457000732422
0.00423717498779
0.00385904312134
0.00282311439514
0.00611901283264
0.00463509559631
0.0028190612793
0.00137805938721
0.00314617156982
0.00178813934326
0.0019679069519
0.00256109237671
0.00452899932861
0.00270891189575
0.00368499755859
0.00271105766296
0.0019519329071
0.00403904914856
0.00573492050171
0.00541591644287
0.00869393348694
0.00465798377991
0.00286102294922
0.00356197357178
0.00268912315369
0.00481510162354
0.00473594665527
0.0037670135498
0.00233197212219
--------------------------------------------------
